383800
373220
323410
317400
316140
284740
272210
267980
215200
195500
192400
136480
134060
120110
108670
108320
105560
100220
099320
097950
096770
095720
091700
090430
086790
086450
081660
080160
078520
078020
069960
066570
066130
064350
058610
055550
051900
049720
047810
045520
045390
044340
040420
039130
037070
035890
035720
035420
034220
034020
033780
032640
031430
030200
028050
027710
026960
024110
023530
021240
020560
017810
017670
015760
013890
011780
011070
010950
009450
009240
009150
006890
006400
006360
005940
005930
005490
005380
005300
005180
004370
004170
003550
003490
002380
001120
000720
000660
000270
000120
000080
036460
028260
010130
047050
